$ANSIBLE_VAULT;1.1;AES256
33396538383432363035633564613333643037366338353637393533333065626239336462376333
6234633864303537353836616633303861373030306663340a383764376133633435653835343133
63316538616462386235383466326264303337346464613733306266333932316466623231393339
3833353864636365650a393935353337323936613032383431393134333965373261343333646233
31656564633635373635653231633936366662613364383362666565643935643563383935306538
65626164636266386164663435303461313865336565313133383139336438646438616364333131
31653133356364316230633534663366343734393536326337376261303062666132343736306634
30386630373634323435353130316166326363653239313935653962363233333236616630613766
39653565646635356538356364366539653238386235333437303535343663613864643937393361
62386237313032626464323465396661303037663963383531666433366338353662323730343536
65653630666135666238646365313432313838653233613938393139653233313663393737373531
63376435313832643832373731653061623832323965666133306430623032396132616435643865
39393763636330323134623833343033303134323163623231623531306131333261363236313665
63396231373136643162303935623839303364643034643366323538323739383464646463383963
31383436346664343730376337376332666539346161393137343334343761336261646631363236
30646266336534303439336666336634343861633331373531626666663866343730323763326135
39306435623665363739623562396563323233623639326162623665643164356434343361313165
65643961393262343038386666336163623636646538323430323865353234313831623035326232
64323636356261386330373838636238313461656336383235386334363461623638373164616637
61636334366239616533653836393866386531373861666633616338636433353962653037313163
39326533623733663633633039336264626664343965333431643532373131333533646232386463
63393034383831393833393061666630343635323862656431306539363836383061333866363666
39623631636363336661663836373066666530396363333964663465323531633564633361373935
38393234396339666662303334326435356332636234313761623830633761613863633238313332
35343162303839323664366234646532356464386166383139303061303734366434646233376635
37373463343234313030316165633961666437356663623736333362626239313836336165663466
35373662636139366434633130363961313932616434393365346633326361623533623230656634
62623838353661663437616432633734333161303664666133393666316463666565616138303639
66386665363234363662636533383930346639363232346430373132633337346162303739646434
36663632383734663830323561636538643438393834663439333564373137653039303339313961
65306136373436386531343462393534306162373463346562623335623936653837643533626463
37343963623731366435313931306533303530306137303433613132643833623664333665666435
32313332626332313638663862313633623161663365336462663337313463333639666663363539
35333230653033316663643466643836316330393165393031396237303837383334373537333935
31306632353838643836323465633563336438333266616231396537646334326437636536393236
30623430383735633564626362326435353031656164633863666339383361373139316137303835
33326162313736356431643034656537663638376162353233323466333666636636626565373764
31646662663935366638363730343064346530386239313465353537656533303632613365393566
66313631613931396533646131333639313263326562363738616136316635363965623536346264
38633336376364313038396130306362613038633863313130613464343565666633353231346237
62646535353439353133363139663339376236653362333935383238643939326363303935336561
66633065356330323637633939326664393864353063383463356537306138373338613363613730
65343236626332636231613662353939303462666463626337326633643931646164336263343766
34346361313632623638643337653230633230353063643231666532626362393137616162313864
62636434663461663766343135636131316131633736616134306265386664623134386131343131
64373031393632663733613234376362326437343538656133366632656436333534366638653337
35383961346566343531633836306431316365333264663332336238346334353332373734383930
39326464663138656566303333613934616639646463393939333136396464616335306664336461
33353564373534396438316465613765663831303237336365303463306635633835373733356363
62613961333138343232343861633737323231643531656261346561636638363738313661633932
61656439336534373964333630306234313538656165363133393566643132653733633230616138
35386638373762376565383963313362346562626330393662386633373538383666373532366163
30653830306132336333333332646434313363666134643330663462636238346336646164316638
66373334383431353635383965316131356530663566663933333731343366343331653230386237
33623235306337336337393366323234613865636637636233646135646533303131643230396266
66623265393661373637326430373461633336373363383031366565346631643539393863383565
39313266363263366437366262333832353164626539663665653966366136383136336136633962
3731386361303939326661623730356538396464346333376539
