$ANSIBLE_VAULT;1.1;AES256
64633566373362306161323735346666333938353136393238353036343933303831623065353835
3930623063636634353333666661326230333232653636360a653663356161376537316265666632
64323036333033666430383061316662353663366330316561323132313135373833316635336137
6137313134646534320a383934356233376162373663653530613437666163616333646632396161
39663138343265303738636332363835356333636264356430363230363535333464396230393933
30643138336332323161333564313738366330636433643135303833303830663633313066633134
30646365333564396164343162666339363434663961303034646265356362376234326235356161
62323036353736656133346632646364386432323333663336663530363333663864356161666639
62633632353834393335333739376136623830353961313538313233306436616139313063373434
32353934653931326538386531353736386363386530353739383264336439346630663830316464
39346633303532313938346262656565393464653964386333646237663334633964623332636439
37356331656661363862663331646463653663386463396532373632356534623430393832393762
66326237623665366263376166323161383463333266643137623134393562323534306130383638
34316138623838356261653237326532616138616236363537383865616230336463633030656330
66633938336363356139353762376562656536656464663237363238393966386534633463316463
66386662333633633864666232323462363239333736376139386662343162663333326363623138
65376239323636323538346135363661633530303164396338336635386632333962623862383965
36396435653266373262316461636266643365643162336566303536323730316466373466316537
33643938623732643664653831303330663232623532353730333066656334656534353038666664
62366439303536623638623166366264343235653263333966366339636466633436323364626564
35383266656661383564356234303634613533363934646333346136393033616135643538343232
38353965643036613837316364346161393864386363666534306539613537626230313235316432
61306164636538316334303535383134356461326338663330343465376539343230643439323663
62643730396334656337383662386361623537646636376539373833646332363335323565666565
3935
