$ANSIBLE_VAULT;1.1;AES256
34633633323466656432666666303864623365326264646438333561383737346238316132666138
6162386664303533323635306338393861393231316537630a633237373966356237343333663437
62393735613938316462663366333338646463646665383532633862386431383165643235323763
3433386466643162380a613330323733396261643765343564663630393066303863363132373038
63323862356165663764353738373731613337343133383234303265383731323532326434323865
30366335623631306639363766306261303066353539633036616566363335666630333662346233
66633137323933383637333239386661623032353534343535643336333135383364333363383832
30316362366534343033326239353633663833616539613466343763323666373562353634616166
31393164356532643730356335336564383432386361333363623734383530663636613139643537
63653130653036663765636662323334616339373333656166356134376665613063656465396134
38396233373466663037643930663432356265656261356439616434636666336563643133333335
31656434663032613266393733343461303266353231333534356439306231643361393833613833
61666334633363373032386266643230373165613333623537383166653132353235616534393861
34316661616531366666663461663836313962616438393132356637353865613330636362353335
39643066373562306462353464303561303662313539393037336463323932623431303662656135
30656531363662306230376235613238663435646263306264363461306533633030373963316533
61653031363061326561623231323330396461636333646561366238386561353264326336653937
34343131336339313936626534343437303763633965653631653432393931383132336439306136
35363935613034316535306234376538313035353630376363356636333332316631346536663133
36626532336635383164393431383863353464626432613933643039643932306666363537653365
36343533666162346331383462393966383232346364323362333366656531303330326564393264
34346431633863653537303238633039363563313665373630633437326437663737306338656563
32363761386530393466386234613739376264663039306161393863333434396637323830623831
62636564376632393238363332636661663939346266343330343535613931643733303133663335
63386434623064313732636238643561383537396161623531323036303933666166336531646661
36386633393161343034353863336364306664326638653539666336623662623965613737663366
36623032366131303138356330303266343938393638363539353934356566313533373032363662
32353535376339653334633861373537343737313332346262613832653566623537326562306536
66376366613631643238316663366135336266656335356337653465633561333266663932663566
62623462653032333364333062363032336432386532343532313230643862616262323436333634
32343538383761643334343830333765626264633762643236663263333234333730626265326331
35303761353838636130303933336531386434633338393936653532623334323063376631383232
30636336666239313438316135343666383838353939663664393961353865346531333035306631
35653334393133633165666330613339656264336133376630656632333734336364323335343135
33366236356432663831363139386236663437356432643264376637643031653434393464353738
39393039613535363563653135326438333635653362363264313537323931396334333733316434
65313132363138633161316537363030356362323134643132396336376435333730313963363934
61313361353831376531316638643935343037386265636534383331623937353961393633333139
61373064376362663637666437653461666230623262633232306234343061326131303562623265
38316332386637656532333131383137323832313032363064336666376661366461653531663462
66326263346539343066363931643165356234306332373261376630646232613661396230643865
39653761353365633166626532373232353732356161313635633539653430383062353738366161
61633463373766383264363466633635396330356337626362626530316535346335373831343239
37333131646663616235383838333762333263313837343737353033613933366166363166663838
30353531663239313934353766313530336463656531626464323331623337386636323138393464
37656462316361353237346533383539386463613238613832313666633431343661383131613539
31653330303862333334613031623564663965633164373163306163333363343833313465663533
33666133623633336163393635663135336336386665393962616562323836316662306136393662
65653034653835343164613666643363383832636636623038366662373638353933386634346665
36363736623836363035363431303365316138386439623861393766633835343662353365376331
36313436333534313162396539653437643639653565343966386235643066366232373330366436
66656332623765326462613865306539316230343833386234396466336335343036343839303234
65376431356136366534633061373861353461356333396664643264623435303563383330396630
39313762656638343063353137626365666263623865356436643533383233323864316665653962
65643464323736313136383366306261373532633136636264303465646233353962303939653063
39663239666664383237333230626335386364353665653065383363363239366638653931363461
64666265613534633131623663646161656135663733656264333831646165333333366161376138
39383830313362383130626134376632376637393533303765643532356163623232636336323538
65616230336533663433303965366138666537306561663663323038663230666265333135626462
36626334383262383132643865396662303666313964363164663431393730326232313261376232
37623030356637643839356438323832396534316635376561646435356262326639383532346131
34653465346631363139346161343036363562393031333263646532376664306432613866393165
38316133333066303762313764366138653263393631373734396662333561623466666332323635
32636630366433313431383635303033363236393738363866643161323064303865363339343739
34333531383964366163643437633963613463343233306166363965343035343966383531643331
63303935326337396230383238373332316433333663363337306266646166663932633264616264
63376432636565366337643037393133633261366163326439633762656630643833656635363765
61333531383836383331363261643165356562633633356539633261616630346139666134316433
38323366613435303530656539353366323331303835396234373361313639656662303332393363
33626139306533633336393539613262613738653838366631333431613633386233616564383633
64626538313135636532303732306139363238323737623238323230663331383566323135623663
63613334663139393563653262343137303230393633346330316639323234353236356365306136
31376337623165393162303062396530383934653237663534646665336234326234626664356431
35336637386435343634643263346632386237363131343862626436666265316661366361373239
63396433386132306134356632663435663439393566623861353864306439626465613631333466
37363364643834626165306232313262313831393462616166656537653535663366613264323131
38363536326632323963663431623362303130343263316332303731636330666330633836653238
64356665653262636536303538343336313764666463623662616539633530383733653865626237
38383636393630646636356136643063656566373431313831343532633361323162303264623863
35393465366562636330626638633865663166353062373861626432343733323863303762316537
35613335663634613832306563633238643431633638616435326237613937643735373630306130
38323562373138616335633766303761363463353636343538343131663833643864616338396631
63626664343535363430343734323836393737633766616435633638303838353435663838306266
36373063363165613933666132653534316333646234316339623962373739643130353762383161
61303763393033633736646131313065653037346461386164353465636464623731653065616330
66333532613630366136383863303835303464303465636435303239643630653866626230386533
35313236303333653835633930636331386564663661393361386532626465313364663530346536
35623166613164316531336362613139306230323538633333326666663632393233343338633932
35386537646331326539346137303632313261636339633163376431313930343938363339646630
35323733643561353530366435656130653137663236643936353734396238303465323431623566
62623132633633363066633330623330336333313266646630343338383531363162353032376130
61323638316133643736306564653466333961396132303866383333623432653335366437313034
37343531633637366565333634356263373139333733666635303461383534316531323562393564
63613637633861613661386434333039343662373463366135643736363536613665353765383233
30343964343465636564613934633737646466323363383233623961393834343433326162646165
66633863623331653232363533386261396130393164646461356133386363373962393039376464
65363131333261393263396338656265376165633965366666356130363436393865326465666166
65346631396664323337326364613331396638373230346661663165373334666139333737383663
63626630633234396239363965313961376634643264316266336465633866326462303630393937
36336237663766313066373165356238383434373138626130646664313061633730616439343531
61626338396638386139303234346239616663356632356439643039316164396436346436313163
31333565336534386164636333626532386337356130613432646436393135613230346230333865
30396332373964316361313536353633316231323165353839656466336130303239613232653038
65353930356563623033353435363234663865393033326638653638643031613665383233393065
31383138306136343837313139323930373930323464646232656332373538393033316633633833
36343839336661613362613962363861616664333362363866323266376636663534336135613936
33663564316339303934616638626630623663313861306265393863366339393530303834353236
61666262396563316231633666346236313536326139393032356563613435643965316333633734
34306561383232383662336366393334343163396435363063663138386234393731323037396439
32373861643363616566393866376130343038316237376535396332643631333565393564363261
65356335316263336465646462323630363331343361333830343532343066643238623564633163
34366239633566636433623431396432396238633464343261616439333636326138356565313339
33613033306439313233393361353861626331616366616437623762633761356563353933376634
66346663363561643339343739343638346330316431626332383635326463353930356232346335
64356665386233663235636362323038666530623964653965626130343735373339636562643533
35623761663436623334386563323064396566653936303337386237636366323938373163613732
65623039373563396139356232373330303163356430613861316631333530323734326439313634
66656462323338666564636566626633326661333639613031363137366233333935386636366266
32333961336262356433616466643966313339373962323531653063373339383538633363346161
66666266303265373338636237353837373162363732333066336364303739393537363036616439
31643764663864313365333630626662623062363561633234396536393738393862363661623066
37396635633734636564353862353865323835623063643931383766343933313334666438393833
66336338346361323936306161366332393435643133346337326164636131636666643166343062
37623065666437633735313335663337653265653837353834653632303435303162386563356534
36303933623435653262633136306665646364663461366633333732633234323266653664653931
36343731356438316433346436303032366634343231653365323437356563373232306333366133
35316161393131636135393238326666623334623738383738366465653034663338313863343236
36656636373563636638353831373034633762626562363362306564313136343734623431353036
63373238666266636334363964613930343731356438646366376534396236626365623331376134
38346366346666313562306333303164636536626662376133303761396237303233336532373134
34303533363064653435376636646564343834303332376464316665313230396639653839363464
35613631366239653361343538623737346236363361383337316432353533623339623963316465
65313939613561333835646365653162326463663631306166366134326134326662306530633033
66633230386631353663383935396337336138356164346563643438616363396539623062373264
30333461623365643664343537323031333336363263613937396437326662303764656363366631
31393730323735343764623761666433633165363763633463653436626638343236633934366263
38306336643331356131646163633562303663383537363364373261633538633364636239653132
38353131363431396435613136313530663063343139666439323433353135616431343365366331
36366530326331323130356137623539326461626433376539376631643837383563316464326461
66353762363761353966646134653434313361346535643637306435346337663866636237633065
32633138623333663262643964376238336630396366303166313632373065323536373130626438
37663131346531303864323566376464333665383531656666363565623338333661663365636532
63336136363739656234623862303661663536653933356539353562343965643737393164316236
39666462633635336462386634396138353062333566313736393430626661613062663039383631
65386539626237366566623563373465383437626434666138626239323536386230303232633532
36663231643031363033646564363932383032303961303333383131353463313834396139326262
65346138366661373664663139326665326462393433393339636635643833303532306334323539
63653062356361383038633131383933633636386636303439653332653334653633316562393063
33646162353362393739316234646639666436323264393064356465646437343532353364336539
64343030333136626436376462663963623461623063633162333564386465636131666265383366
36633564306139353063333030636436616633613666636432353931643466633837313732313966
30353238393631346164386431663439343231616438303662316530356238343430353438633261
39643763323433666233363335653130373661383734633433316663326265346339396661333331
38646331653536656264643635303537393937316462383732636263663335636239653032373366
64373633323266393930616466346630353466363131636236326539356532653538303166303130
35303438323438316562336564613161343064353333343264373936376636643361383263373930
39613064636438303031343037326163343865383761643266386564663231383932623033623037
31666430373930303030353934616262396139306231373364343033326363613736333562376633
65346437326537316465663832396531353935323439636162353463336161353139376233343561
32633931626332656334383039393731346535656534386662333031336465333030633866613262
36343833336466393732613736396238613964613333643961643763376232636239663038663866
62386438663265316532363033386365333431616538653934636535383837663963396461386363
36356365646165656336393666363535376335303434353931393066373363316561323863353839
63393362623432313132663632323666383464333937323639356138313361643238386161663465
62363030323339653939646365643130323662616565393435313662663636346238666536343565
3561373530616463396532353537323864653537303231616265
