$ANSIBLE_VAULT;1.1;AES256
64633466636161386636356435633038343133643333663263376665643461396265613838323933
3734353231376632386432643264396534356536303866610a303864313239623838663333323465
62373161323430623239633535383764326538396161366337626638663839356235303365353939
6261333466663834610a326363373232313536366138653038356136393166336335643066313038
39346539643630326134373235356634353261373261353938366335363732323365656336313637
32666639353162303137353264623261313236346566393038656539373835646663636663363138
66633435626666356261383439393766333862643131663961303734343230616339356635303436
31333236316135626232663862386262623639393330643735666361383731356565636339353834
38313465333333636331386437323233646363393135663332336662343037313430336432336235
30653264666237633563373966366233323039303632643633616665333335613662373031333761
34373737306136396331373366353466633762383630636239616631396432386338383435303466
32326237623962646336623533666431303935316462383361666463323366323062666234636663
36336130306636366265333439316664306631643465343639353436313935636532373137613433
38346162666230313635653236323832623636346239626365373933653031383638663331383334
36666434303534616234363366663638326631373362653034343436333866633436306339613938
34376433646366663662643134323931313064393261623263373233313935306264326636663337
34666334633939346134386435613166656364636438333966396237303937633234393434373936
65656337643139343933323039366630616362366133373863336432613165653231323163303338
36306531346232393532663838303337623333356439396535316530623933653862313162383536
34393733396136393839353062303965623465646561653535323761633036363061613064663938
33366464383130623762313562663861623662316435306665313830636237323462323936653631
63396439336235303562643466313363663765633663326633383831313864343865616261323638
61313962653135316663383434356437663365366238343561383538353339346631613331633539
33623036396566396633326633386466646361383965326236363965343965396566646633643938
31313134663738303230343761393131336161373133313034373666653837363130373362623466
30613565623733313136323438393366636266303431396663386337386332313035376432353830
64633432636162613036343530363738346265346130383134316465623434376338366438383736
64383164323937306137653633303465383262623661383661333663303731623935653263366661
38666663363230386364633166613663636230666336373639373461336265366661383162663735
34666165313438623735653766393436376662373865333430633430393132363632313030623031
33346264326330626236333465326532623761323234396464303835613635383238616631356663
64333165343238306362346337623562613661363433623737313533383632363132316361656465
65623163363733633961633930363166623161353061343939363266373964323166306335376334
64373239653937353239666361616464313732373437666364363637343665323761626564626237
64393831663933373765633566333830643531363039373637333062333864376132346532363739
64626265326133346233326662623961336466636262656331663338303030666233393633326361
34343334646430396366626536653239393732633263663833656263313166636338653835346537
35323834316237633534336436356539386332336433316461643862353065613065633736356261
30326234366438393631333632333065313962656666333635346461663933656532656162626130
35353532313965366432633062376430356463343036353631643561636133626261336233353230
39393635356562613361303235356536383866663231646438353164373436346436346631626532
30636437653761363235633836656232393862373266333761373962363866613764303262343666
37386539626632316131393737396237613866363639343838306531626133383162653139376337
64353639623133363438343236396438393365346363646537333433633337343130643838356633
62646266306362313763333462346130633561663736633234333866386631373232613233346163
66656230366362323538373336653562653466323431383737616432356664393262643639303130
33666166346131306139366534316266316366643265653966376132373539376566636230623139
61613337333462356661316537343930633933353738663832636333663965303936643433363830
33643663656438336437343832313233313533393530663963333366643131316337
